 


****************************************
 PV installations over House types.py 
 start at:2023-11-23 07:34:18.953187 
****************************************


* finished loading and agg df: ['pv_to_bldng_0.0.shp', 'pv_to_bldng_0.2.shp', 'pv_to_bldng_0.4.shp', 'pv_to_bldng_0.6000000000000001.shp', 'pv_to_bldng_0.8.shp', 'pv_to_bldng_1.0.shp', 'pv_to_bldng_1.2000000000000002.shp', 'pv_to_bldng_1.4000000000000001.shp', 'pv_to_bldng_1.6.shp', 'pv_to_bldng_1.8.shp', 'pv_to_bldng_2.0.shp', 'pv_to_bldng_2.2.shp', 'pv_to_bldng_2.4000000000000004.shp', 'pv_to_bldng_2.6.shp', 'pv_to_bldng_2.8000000000000003.shp', 'pv_to_bldng_3.0.shp', 'pv_to_bldng_3.2.shp', 'pv_to_bldng_3.4000000000000004.shp', 'pv_to_bldng_3.6.shp', 'pv_to_bldng_3.8000000000000003.shp', 'pv_to_bldng_4.0.shp', 'pv_to_bldng_4.2.shp', 'pv_to_bldng_4.4.shp', 'pv_to_bldng_4.6000000000000005.shp', 'pv_to_bldng_4.800000000000001.shp', 'pv_to_bldng_5.0.shp', 'pv_to_bldng_5.2.shp', 'pv_to_bldng_5.4.shp', 'pv_to_bldng_5.6000000000000005.shp', 'pv_to_bldng_5.800000000000001.shp', 'pv_to_bldng_6.0.shp', 'pv_to_bldng_6.2.shp', 'pv_to_bldng_6.4.shp', 'pv_to_bldng_6.6000000000000005.shp', 'pv_to_bldng_6.800000000000001.shp']	runtime: N/A;   (stamp: 2023-11-23 08:12:01.225488)
* group 1 of 35: C:/Models/OptimalPV_RH_data/temp_cache\pv_to_bldng_0.0.shp	runtime: 0 min 0 sec;   (stamp: 2023-11-23 08:12:01.225488)
 
over buffered by 0.9731694156730393 % 
buildingCl  counts  share   capacity  capacity_avg
        NA  183966    1.0 4278825.64     23.258785 


* group 2 of 35: C:/Models/OptimalPV_RH_data/temp_cache\pv_to_bldng_0.2.shp	runtime: 0 min 0 sec;   (stamp: 2023-11-23 08:12:01.249482)
 
over buffered by 0.97885081306404 % 
buildingCl  counts    share   capacity  capacity_avg
       0.0     653 0.003529   52787.46     80.838377
    1110.0   28003 0.151335  281010.59     10.035017
    1121.0    5164 0.027907   74585.49     14.443356
    1122.0    5469 0.029556  109583.78     20.037261
    1130.0      74 0.000400    4621.69     62.455270
    1211.0      50 0.000270    1457.94     29.158800
    1212.0      20 0.000108     359.88     17.994000
    1220.0     336 0.001816   29141.62     86.731012
    1230.0     380 0.002054   45793.53    120.509289
    1231.0       1 0.000005      27.52     27.520000
    1241.0      16 0.000086    2518.43    157.401875
    1242.0     177 0.000957    6011.86     33.965311
    1251.0     799 0.004318  118852.63    148.751727
    1252.0     135 0.000730   17811.66    131.938222
    1261.0      86 0.000465    6462.65     75.147093
    1262.0       6 0.000032     422.86     70.476667
    1263.0     339 0.001832   24165.30     71.284071
    1264.0      75 0.000405    5414.48     72.193067
    1265.0      72 0.000389    9409.51    130.687639
    1271.0     301 0.001627   18838.04     62.584850
    1272.0      23 0.000124     674.12     29.309565
    1273.0       1 0.000005      37.93     37.930000
    1274.0     524 0.002832   25454.75     48.577767
    1275.0       2 0.000011      52.16     26.080000
    1276.0      22 0.000119    1757.13     79.869545
    1278.0      74 0.000400    3188.58     43.088919
        NA  142238 0.768688 3459869.57     24.324509 


* group 3 of 35: C:/Models/OptimalPV_RH_data/temp_cache\pv_to_bldng_0.4.shp	runtime: 0 min 0 sec;   (stamp: 2023-11-23 08:12:01.249482)
 
over buffered by 0.9795966948444228 % 
buildingCl  counts    share   capacity  capacity_avg
       0.0    2073 0.011194  164327.69     79.270473
    1110.0   65994 0.356376  734474.19     11.129409
    1121.0   12006 0.064834  209525.33     17.451718
    1122.0   12243 0.066114  280325.93     22.896833
    1130.0     191 0.001031   10868.52     56.903246
    1211.0     149 0.000805    5624.54     37.748591
    1212.0      59 0.000319    2348.25     39.800847
    1220.0     844 0.004558   72927.83     86.407382
    1230.0     734 0.003964   90503.68    123.302016
    1231.0       6 0.000032     424.89     70.815000
    1241.0      45 0.000243    5861.89    130.264222
    1242.0     412 0.002225   16255.21     39.454393
    1251.0    2094 0.011308  293714.40    140.264756
    1252.0     360 0.001944   50170.95    139.363750
    1261.0     217 0.001172   16651.11     76.733226
    1262.0      13 0.000070    1411.57    108.582308
    1263.0     789 0.004261   55019.40     69.733080
    1264.0     138 0.000745    9207.07     66.717899
    1265.0     174 0.000940   20727.14    119.121494
    1271.0     664 0.003586   45473.39     68.484021
    1272.0      60 0.000324    1925.05     32.084167
    1273.0       1 0.000005      37.93     37.930000
    1274.0     891 0.004812   52811.14     59.271762
    1275.0       8 0.000043     849.88    106.235000
    1276.0      98 0.000529    8365.71     85.364388
    1277.0       1 0.000005     488.40    488.400000
    1278.0     260 0.001404   12837.68     49.375692
        NA   84657 0.457158 2141351.54     25.294442 


* group 4 of 35: C:/Models/OptimalPV_RH_data/temp_cache\pv_to_bldng_0.6000000000000001.shp	runtime: 0 min 0 sec;   (stamp: 2023-11-23 08:12:01.257482)
 
over buffered by 0.980966789745977 % 
buildingCl  counts    share   capacity  capacity_avg
       0.0    3740 0.020168  316917.04     84.737176
    1110.0  110983 0.598485 1275678.89     11.494363
    1121.0   20417 0.110100  376521.54     18.441570
    1122.0   20323 0.109593  478201.84     23.530081
    1130.0     340 0.001833   20668.82     60.790647
    1211.0     244 0.001316    8877.66     36.383852
    1212.0     108 0.000582    4578.44     42.392963
    1220.0    1431 0.007717  127238.40     88.915723
    1230.0    1153 0.006218  165444.61    143.490555
    1231.0       6 0.000032     424.89     70.815000
    1241.0      83 0.000448    9651.91    116.288072
    1242.0     696 0.003753   26852.07     38.580560
    1251.0    3622 0.019532  534774.30    147.646135
    1252.0     679 0.003662   92192.10    135.776289
    1261.0     359 0.001936   27365.46     76.226908
    1262.0      24 0.000129    1920.22     80.009167
    1263.0    1333 0.007188   90523.61     67.909685
    1264.0     217 0.001170   14981.43     69.038848
    1265.0     297 0.001602   34696.29    116.822525
    1271.0    1091 0.005883   75687.64     69.374555
    1272.0     109 0.000588    4011.94     36.806789
    1273.0       1 0.000005      37.93     37.930000
    1274.0    1310 0.007064   83073.84     63.415145
    1275.0      10 0.000054     905.64     90.564000
    1276.0     194 0.001046   15566.54     80.239897
    1277.0       4 0.000022    1798.00    449.500000
    1278.0     502 0.002707   23688.92     47.189084
        NA   16164 0.087166  520976.72     32.230681 


* group 5 of 35: C:/Models/OptimalPV_RH_data/temp_cache\pv_to_bldng_0.8.shp	runtime: 0 min 0 sec;   (stamp: 2023-11-23 08:12:01.265482)
 
over buffered by 0.9816809318761307 % 
buildingCl  counts    share   capacity  capacity_avg
       0.0    3927 0.021161  328993.18     83.777229
    1110.0  116292 0.626658 1339559.51     11.518931
    1121.0   21371 0.115161  393789.71     18.426359
    1122.0   21270 0.114617  501816.98     23.592712
    1130.0     357 0.001924   21838.42     61.172045
    1211.0     256 0.001379    9253.81     36.147695
    1212.0     109 0.000587    4677.28     42.910826
    1220.0    1503 0.008099  136368.45     90.730838
    1230.0    1220 0.006574  177141.69    145.198107
    1231.0       7 0.000038     508.05     72.578571
    1241.0      91 0.000490   12383.16    136.078681
    1242.0     735 0.003961   28890.15     39.306327
    1251.0    3812 0.020542  560639.02    147.072146
    1252.0     703 0.003788   96924.94    137.873314
    1261.0     378 0.002037   28130.22     74.418571
    1262.0      24 0.000129    1920.22     80.009167
    1263.0    1390 0.007490   94389.86     67.906374
    1264.0     228 0.001229   16012.08     70.228421
    1265.0     311 0.001676   35783.26    115.058714
    1271.0    1151 0.006202   78680.11     68.358045
    1272.0     113 0.000609    4129.93     36.548053
    1273.0       1 0.000005      37.93     37.930000
    1274.0    1365 0.007356   87677.58     64.232659
    1275.0      10 0.000054     905.64     90.564000
    1276.0     205 0.001105   16582.69     80.891171
    1277.0       4 0.000022    1798.00    449.500000
    1278.0     531 0.002861   24900.80     46.894162
        NA    8211 0.044246  333147.81     40.573354 


* group 6 of 35: C:/Models/OptimalPV_RH_data/temp_cache\pv_to_bldng_1.0.shp	runtime: 0 min 0 sec;   (stamp: 2023-11-23 08:12:01.280674)
 
over buffered by 0.9836487901903321 % 
buildingCl  counts    share   capacity  capacity_avg
       0.0    3959 0.021291  329640.47     83.263569
    1110.0  116629 0.627216 1343396.88     11.518549
    1121.0   21466 0.115441  395439.49     18.421666
    1122.0   21348 0.114807  503670.75     23.593346
    1130.0     357 0.001920   21838.42     61.172045
    1211.0     259 0.001393    9339.07     36.058185
    1212.0     111 0.000597    4689.92     42.251532
    1220.0    1506 0.008099  136738.65     90.795916
    1230.0    1221 0.006566  177166.09    145.099173
    1231.0       7 0.000038     508.05     72.578571
    1241.0      91 0.000489   12383.16    136.078681
    1242.0     763 0.004103   31267.59     40.979803
    1251.0    3822 0.020554  561140.70    146.818603
    1252.0     707 0.003802   97160.48    137.426421
    1261.0     379 0.002038   28149.72     74.273668
    1262.0      24 0.000129    1920.22     80.009167
    1263.0    1394 0.007497   94547.80     67.824821
    1264.0     230 0.001237   16378.08     71.209043
    1265.0     314 0.001689   35844.54    114.154586
    1271.0    1164 0.006260   79147.21     67.995885
    1272.0     113 0.000608    4129.93     36.548053
    1273.0       1 0.000005      37.93     37.930000
    1274.0    1382 0.007432   88275.89     63.875463
    1275.0      10 0.000054     905.64     90.564000
    1276.0     206 0.001108   16609.69     80.629563
    1277.0       4 0.000022    1798.00    449.500000
    1278.0     532 0.002861   24916.01     46.834605
        NA    7948 0.042743  327915.49     41.257611 


* group 7 of 35: C:/Models/OptimalPV_RH_data/temp_cache\pv_to_bldng_1.2000000000000002.shp	runtime: 0 min 0 sec;   (stamp: 2023-11-23 08:12:01.283763)
 
over buffered by 0.9843364826119616 % 
buildingCl  counts    share   capacity  capacity_avg
       0.0    3987 0.021427  330372.47     82.862420
    1110.0  116799 0.627692 1345595.41     11.520607
    1121.0   21514 0.115619  396206.56     18.416220
    1122.0   21392 0.114963  504635.23     23.589904
    1130.0     359 0.001929   21886.76     60.965905
    1211.0     259 0.001392    9339.07     36.058185
    1212.0     111 0.000597    4689.92     42.251532
    1220.0    1510 0.008115  136921.25     90.676325
    1230.0    1222 0.006567  177219.09    145.023805
    1231.0       7 0.000038     508.05     72.578571
    1241.0      91 0.000489   12383.16    136.078681
    1242.0     768 0.004127   31375.02     40.852891
    1251.0    3827 0.020567  561337.92    146.678317
    1252.0     708 0.003805   97329.98    137.471723
    1261.0     381 0.002048   28174.49     73.948793
    1262.0      24 0.000129    1920.22     80.009167
    1263.0    1396 0.007502   94614.43     67.775380
    1264.0     230 0.001236   16378.08     71.209043
    1265.0     314 0.001687   35844.54    114.154586
    1271.0    1168 0.006277   79668.03     68.208930
    1272.0     113 0.000607    4129.93     36.548053
    1273.0       1 0.000005      37.93     37.930000
    1274.0    1389 0.007465   88640.48     63.816040
    1275.0      10 0.000054     905.64     90.564000
    1276.0     206 0.001107   16609.69     80.629563
    1277.0       4 0.000021    1798.00    449.500000
    1278.0     535 0.002875   25003.73     46.735944
        NA    7752 0.041660  324478.65     41.857411 


* group 8 of 35: C:/Models/OptimalPV_RH_data/temp_cache\pv_to_bldng_1.4000000000000001.shp	runtime: 0 min 0 sec;   (stamp: 2023-11-23 08:12:01.301944)
 
over buffered by 0.9848496069573314 % 
buildingCl  counts    share   capacity  capacity_avg
       0.0    3995 0.021458  330532.24     82.736481
    1110.0  116930 0.628068 1347216.51     11.521564
    1121.0   21556 0.115784  396947.35     18.414704
    1122.0   21425 0.115081  506571.10     23.643925
    1130.0     360 0.001934   21996.58     61.101611
    1211.0     259 0.001391    9339.07     36.058185
    1212.0     111 0.000596    4689.92     42.251532
    1220.0    1511 0.008116  136951.40     90.636267
    1230.0    1223 0.006569  177488.83    145.125781
    1231.0       7 0.000038     508.05     72.578571
    1241.0      91 0.000489   12383.16    136.078681
    1242.0     778 0.004179   31560.55     40.566260
    1251.0    3830 0.020572  561526.71    146.612718
    1252.0     713 0.003830   97435.52    136.655708
    1261.0     381 0.002046   28174.49     73.948793
    1262.0      24 0.000129    1920.22     80.009167
    1263.0    1400 0.007520   94779.16     67.699400
    1264.0     230 0.001235   16378.08     71.209043
    1265.0     314 0.001687   35844.54    114.154586
    1271.0    1172 0.006295   79798.43     68.087398
    1272.0     113 0.000607    4129.93     36.548053
    1273.0       1 0.000005      37.93     37.930000
    1274.0    1393 0.007482   88937.70     63.846159
    1275.0      10 0.000054     905.64     90.564000
    1276.0     206 0.001106   16609.69     80.629563
    1277.0       4 0.000021    1798.00    449.500000
    1278.0     537 0.002884   25046.83     46.642142
        NA    7600 0.040822  320208.73     42.132728 


* group 9 of 35: C:/Models/OptimalPV_RH_data/temp_cache\pv_to_bldng_1.6.shp	runtime: 0 min 0 sec;   (stamp: 2023-11-23 08:12:01.312210)
 
over buffered by 0.9863889799934404 % 
buildingCl  counts    share   capacity  capacity_avg
       0.0    4016 0.021538  331727.29     82.601417
    1110.0  117174 0.628397 1350590.61     11.526368
    1121.0   21604 0.115861  397656.55     18.406617
    1122.0   21477 0.115180  508330.50     23.668599
    1130.0     360 0.001931   21996.58     61.101611
    1211.0     259 0.001389    9339.07     36.058185
    1212.0     112 0.000601    4705.60     42.014286
    1220.0    1513 0.008114  137043.52     90.577343
    1230.0    1230 0.006596  177885.34    144.622228
    1231.0       7 0.000038     508.05     72.578571
    1241.0      91 0.000488   12383.16    136.078681
    1242.0     793 0.004253   31772.81     40.066595
    1251.0    3834 0.020561  562435.32    146.696745
    1252.0     724 0.003883   98829.60    136.504972
    1261.0     382 0.002049   28581.65     74.821073
    1262.0      24 0.000129    1920.22     80.009167
    1263.0    1402 0.007519   95065.20     67.806847
    1264.0     230 0.001233   16378.08     71.209043
    1265.0     314 0.001684   35844.54    114.154586
    1271.0    1180 0.006328   79966.41     67.768144
    1272.0     113 0.000606    4129.93     36.548053
    1273.0       1 0.000005      37.93     37.930000
    1274.0    1409 0.007556   89282.52     63.365877
    1275.0      10 0.000054     905.64     90.564000
    1276.0     207 0.001110   16616.95     80.275121
    1277.0       4 0.000021    1798.00    449.500000
    1278.0     538 0.002885   25056.43     46.573290
        NA    7457 0.039991  316725.51     42.473583 


* group 10 of 35: C:/Models/OptimalPV_RH_data/temp_cache\pv_to_bldng_1.8.shp	runtime: 0 min 0 sec;   (stamp: 2023-11-23 08:12:01.315001)
 
over buffered by 0.9869920333477925 % 
buildingCl  counts    share   capacity  capacity_avg
       0.0    4024 0.021567  332271.29     82.572388
    1110.0  117315 0.628769 1352161.90     11.525908
    1121.0   21638 0.115972  398692.40     18.425566
    1122.0   21513 0.115302  508979.87     23.659177
    1130.0     360 0.001929   21996.58     61.101611
    1211.0     259 0.001388    9339.07     36.058185
    1212.0     113 0.000606    4752.86     42.060708
    1220.0    1516 0.008125  137145.98     90.465686
    1230.0    1231 0.006598  177897.85    144.514907
    1231.0       7 0.000038     508.05     72.578571
    1241.0      91 0.000488   12383.16    136.078681
    1242.0     799 0.004282   32139.70     40.224906
    1251.0    3837 0.020565  562485.48    146.595121
    1252.0     726 0.003891   98857.67    136.167590
    1261.0     382 0.002047   28581.65     74.821073
    1262.0      24 0.000129    1920.22     80.009167
    1263.0    1404 0.007525   95264.06     67.851895
    1264.0     230 0.001233   16378.08     71.209043
    1265.0     314 0.001683   35844.54    114.154586
    1271.0    1182 0.006335   80015.37     67.694898
    1272.0     114 0.000611    4144.93     36.359035
    1273.0       2 0.000011      55.68     27.840000
    1274.0    1413 0.007573   89853.22     63.590389
    1275.0      10 0.000054     905.64     90.564000
    1276.0     208 0.001115   16703.05     80.303125
    1277.0       4 0.000021    1798.00    449.500000
    1278.0     538 0.002883   25056.43     46.573290
        NA    7325 0.039260  313583.01     42.809967 


* group 11 of 35: C:/Models/OptimalPV_RH_data/temp_cache\pv_to_bldng_2.0.shp	runtime: 0 min 0 sec;   (stamp: 2023-11-23 08:12:01.329810)
 
over buffered by 0.9883356785408225 % 
buildingCl  counts    share   capacity  capacity_avg
       0.0    4040 0.021624  332978.40     82.420396
    1110.0  117538 0.629107 1355146.04     11.529429
    1121.0   21695 0.116120  399664.73     18.421974
    1122.0   21551 0.115349  509738.15     23.652645
    1130.0     360 0.001927   21996.58     61.101611
    1211.0     260 0.001392    9365.71     36.021962
    1212.0     114 0.000610    4772.81     41.866754
    1220.0    1516 0.008114  137145.98     90.465686
    1230.0    1232 0.006594  177904.12    144.402695
    1231.0       7 0.000037     508.05     72.578571
    1241.0      91 0.000487   12383.16    136.078681
    1242.0     806 0.004314   32499.03     40.321377
    1251.0    3844 0.020575  563183.20    146.509677
    1252.0     731 0.003913   99012.47    135.447975
    1261.0     382 0.002045   28581.65     74.821073
    1262.0      24 0.000128    1920.22     80.009167
    1263.0    1406 0.007525   95354.66     67.819815
    1264.0     230 0.001231   16378.08     71.209043
    1265.0     314 0.001681   35844.54    114.154586
    1271.0    1190 0.006369   80314.43     67.491118
    1272.0     114 0.000610    4144.93     36.359035
    1273.0       2 0.000011      55.68     27.840000
    1274.0    1424 0.007622   90143.95     63.303336
    1275.0      10 0.000054     905.64     90.564000
    1276.0     208 0.001113   16703.05     80.303125
    1277.0       4 0.000021    1798.00    449.500000
    1278.0     540 0.002890   25161.93     46.596167
        NA    7200 0.038537  311069.54     43.204103 


* group 12 of 35: C:/Models/OptimalPV_RH_data/temp_cache\pv_to_bldng_2.2.shp	runtime: 0 min 0 sec;   (stamp: 2023-11-23 08:12:01.334350)
 
over buffered by 0.9889493117785843 % 
buildingCl  counts    share   capacity  capacity_avg
       0.0    4045 0.021637  333050.98     82.336460
    1110.0  117675 0.629450 1356973.05     11.531532
    1121.0   21737 0.116272  400408.68     18.420604
    1122.0   21576 0.115411  510222.50     23.647687
    1130.0     360 0.001926   21996.58     61.101611
    1211.0     261 0.001396    9381.46     35.944291
    1212.0     114 0.000610    4772.81     41.866754
    1220.0    1519 0.008125  137345.46     90.418341
    1230.0    1233 0.006595  177912.76    144.292587
    1231.0       7 0.000037     508.05     72.578571
    1241.0      91 0.000487   12383.16    136.078681
    1242.0     812 0.004343   32610.49     40.160702
    1251.0    3848 0.020583  563424.32    146.420042
    1252.0     734 0.003926   99056.91    134.954918
    1261.0     382 0.002043   28581.65     74.821073
    1262.0      24 0.000128    1920.22     80.009167
    1263.0    1408 0.007531   95455.04     67.794773
    1264.0     230 0.001230   16378.08     71.209043
    1265.0     314 0.001680   35844.54    114.154586
    1271.0    1194 0.006387   80548.27     67.460863
    1272.0     114 0.000610    4144.93     36.359035
    1273.0       2 0.000011      55.68     27.840000
    1274.0    1428 0.007638   90179.17     63.150679
    1275.0      10 0.000053     905.64     90.564000
    1276.0     210 0.001123   16716.77     79.603667
    1277.0       4 0.000021    1798.00    449.500000
    1278.0     540 0.002888   25161.93     46.596167
        NA    7077 0.037855  309189.00     43.689275 


* group 13 of 35: C:/Models/OptimalPV_RH_data/temp_cache\pv_to_bldng_2.4000000000000004.shp	runtime: 0 min 0 sec;   (stamp: 2023-11-23 08:12:01.344993)
 
over buffered by 0.9910970281107502 % 
buildingCl  counts    share   capacity  capacity_avg
       0.0    4062 0.021681  333745.18     82.162772
    1110.0  118015 0.629900 1360667.44     11.529614
    1121.0   21823 0.116479  402114.89     18.426197
    1122.0   21624 0.115417  511446.28     23.651789
    1130.0     360 0.001921   21996.58     61.101611
    1211.0     262 0.001398    9397.30     35.867557
    1212.0     114 0.000608    4772.81     41.866754
    1220.0    1522 0.008124  137446.30     90.306373
    1230.0    1233 0.006581  177912.76    144.292587
    1231.0       7 0.000037     508.05     72.578571
    1241.0      92 0.000491   12389.10    134.664130
    1242.0     837 0.004467   33266.17     39.744528
    1251.0    3859 0.020597  565581.99    146.561801
    1252.0     741 0.003955   99131.07    133.780121
    1261.0     383 0.002044   28583.97     74.631775
    1262.0      25 0.000133    1947.94     77.917600
    1263.0    1412 0.007536   95516.10     67.645963
    1264.0     230 0.001228   16378.08     71.209043
    1265.0     314 0.001676   35844.54    114.154586
    1271.0    1211 0.006464   81285.20     67.122378
    1272.0     114 0.000608    4144.93     36.359035
    1273.0       2 0.000011      55.68     27.840000
    1274.0    1441 0.007691   90398.63     62.733262
    1275.0      10 0.000053     905.64     90.564000
    1276.0     211 0.001126   16779.69     79.524597
    1277.0       5 0.000027    1807.76    361.552000
    1278.0     542 0.002893   25187.67     46.471716
        NA    6904 0.036850  304559.58     44.113497 


* group 14 of 35: C:/Models/OptimalPV_RH_data/temp_cache\pv_to_bldng_2.6.shp	runtime: 0 min 0 sec;   (stamp: 2023-11-23 08:12:01.355219)
 
over buffered by 0.9917318211153313 % 
buildingCl  counts    share   capacity  capacity_avg
       0.0    4072 0.021720  334183.04     82.068527
    1110.0  118111 0.630009 1361857.08     11.530315
    1121.0   21850 0.116549  402652.64     18.428038
    1122.0   21646 0.115461  511935.59     23.650355
    1130.0     360 0.001920   21996.58     61.101611
    1211.0     262 0.001398    9397.30     35.867557
    1212.0     114 0.000608    4772.81     41.866754
    1220.0    1523 0.008124  137550.55     90.315529
    1230.0    1234 0.006582  177931.37    144.190737
    1231.0       7 0.000037     508.05     72.578571
    1241.0      92 0.000491   12389.10    134.664130
    1242.0     853 0.004550   33573.67     39.359519
    1251.0    3865 0.020616  565999.41    146.442279
    1252.0     742 0.003958   99136.47    133.607102
    1261.0     384 0.002048   28599.81     74.478672
    1262.0      25 0.000133    1947.94     77.917600
    1263.0    1413 0.007537   95541.45     67.616030
    1264.0     231 0.001232   16474.44     71.317922
    1265.0     314 0.001675   35844.54    114.154586
    1271.0    1222 0.006518   81970.39     67.078879
    1272.0     114 0.000608    4144.93     36.359035
    1273.0       2 0.000011      55.68     27.840000
    1274.0    1444 0.007702   90446.91     62.636364
    1275.0      10 0.000053     905.64     90.564000
    1276.0     212 0.001131   16807.23     79.279387
    1277.0       5 0.000027    1807.76    361.552000
    1278.0     542 0.002891   25187.67     46.471716
        NA    6826 0.036410  302370.93     44.296943 


* group 15 of 35: C:/Models/OptimalPV_RH_data/temp_cache\pv_to_bldng_2.8000000000000003.shp	runtime: 0 min 0 sec;   (stamp: 2023-11-23 08:12:01.366393)
 
over buffered by 0.99227668511093 % 
buildingCl  counts    share   capacity  capacity_avg
       0.0    4077 0.021735  334318.06     82.000996
    1110.0  118206 0.630170 1363875.11     11.538121
    1121.0   21873 0.116607  403183.49     18.432931
    1122.0   21671 0.115531  512461.94     23.647360
    1130.0     360 0.001919   21996.58     61.101611
    1211.0     263 0.001402    9401.59     35.747490
    1212.0     114 0.000608    4772.81     41.866754
    1220.0    1523 0.008119  137550.55     90.315529
    1230.0    1235 0.006584  177995.36    144.125798
    1231.0       7 0.000037     508.05     72.578571
    1241.0      92 0.000490   12389.10    134.664130
    1242.0     862 0.004595   33743.87     39.146021
    1251.0    3870 0.020631  566529.58    146.390072
    1252.0     744 0.003966   99188.73    133.318185
    1261.0     385 0.002052   28613.31     74.320286
    1262.0      26 0.000139    1962.74     75.490000
    1263.0    1414 0.007538   95549.55     67.573939
    1264.0     231 0.001231   16474.44     71.317922
    1265.0     316 0.001685   35905.66    113.625506
    1271.0    1224 0.006525   82008.57     67.000466
    1272.0     114 0.000608    4144.93     36.359035
    1273.0       2 0.000011      55.68     27.840000
    1274.0    1448 0.007719   90595.50     62.565953
    1275.0      10 0.000053     905.64     90.564000
    1276.0     212 0.001130   16807.23     79.279387
    1277.0       5 0.000027    1807.76    361.552000
    1278.0     542 0.002889   25187.67     46.471716
        NA    6752 0.035996  300069.79     44.441616 


* group 16 of 35: C:/Models/OptimalPV_RH_data/temp_cache\pv_to_bldng_3.0.shp	runtime: 0 min 0 sec;   (stamp: 2023-11-23 08:12:01.376225)
 
over buffered by 0.9938530877389731 % 
buildingCl  counts    share   capacity  capacity_avg
       0.0    4096 0.021802  335106.89     81.813206
    1110.0  118438 0.630405 1366643.70     11.538895
    1121.0   21908 0.116609  403795.27     18.431407
    1122.0   21714 0.115576  513481.93     23.647505
    1130.0     360 0.001916   21996.58     61.101611
    1211.0     264 0.001405    9404.77     35.624129
    1212.0     114 0.000607    4772.81     41.866754
    1220.0    1524 0.008112  137592.15     90.283563
    1230.0    1238 0.006589  178033.96    143.807722
    1231.0       7 0.000037     508.05     72.578571
    1241.0      92 0.000490   12389.10    134.664130
    1242.0     883 0.004700   34504.34     39.076263
    1251.0    3876 0.020631  567646.92    146.451734
    1252.0     750 0.003992   99601.57    132.802093
    1261.0     385 0.002049   28613.31     74.320286
    1262.0      26 0.000138    1962.74     75.490000
    1263.0    1417 0.007542   95613.54     67.476034
    1264.0     233 0.001240   16733.69     71.818412
    1265.0     317 0.001687   35910.10    113.281073
    1271.0    1231 0.006552   82249.61     66.815280
    1272.0     114 0.000607    4144.93     36.359035
    1273.0       2 0.000011      55.68     27.840000
    1274.0    1466 0.007803   90899.67     62.005232
    1275.0      10 0.000053     905.64     90.564000
    1276.0     212 0.001128   16807.23     79.279387
    1277.0       5 0.000027    1807.76    361.552000
    1278.0     542 0.002885   25187.67     46.471716
        NA    6652 0.035406  297583.79     44.735988 


* group 17 of 35: C:/Models/OptimalPV_RH_data/temp_cache\pv_to_bldng_3.2.shp	runtime: 0 min 0 sec;   (stamp: 2023-11-23 08:12:01.386416)
 
over buffered by 0.9955194193759985 % 
buildingCl  counts    share   capacity  capacity_avg
       0.0    4117 0.021877  335397.87     81.466570
    1110.0  118654 0.630498 1369430.67     11.541378
    1121.0   21953 0.116653  404592.47     18.429940
    1122.0   21751 0.115579  514433.04     23.651006
    1130.0     361 0.001918   22014.78     60.982770
    1211.0     265 0.001408    9426.53     35.571811
    1212.0     114 0.000606    4772.81     41.866754
    1220.0    1529 0.008125  137805.64     90.127953
    1230.0    1239 0.006584  178423.96    144.006425
    1231.0       7 0.000037     508.05     72.578571
    1241.0      92 0.000489   12389.10    134.664130
    1242.0     903 0.004798   34821.36     38.561860
    1251.0    3883 0.020633  568240.07    146.340476
    1252.0     751 0.003991   99641.97    132.679055
    1261.0     388 0.002062   28627.87     73.783170
    1262.0      26 0.000138    1962.74     75.490000
    1263.0    1418 0.007535   95643.54     67.449605
    1264.0     234 0.001243   16763.58     71.639231
    1265.0     318 0.001690   35913.46    112.935409
    1271.0    1235 0.006562   82328.92     66.663093
    1272.0     114 0.000606    4144.93     36.359035
    1273.0       2 0.000011      55.68     27.840000
    1274.0    1481 0.007870   91054.54     61.481796
    1275.0      10 0.000053     905.64     90.564000
    1276.0     212 0.001127   16807.23     79.279387
    1277.0       5 0.000027    1807.76    361.552000
    1278.0     542 0.002880   25187.67     46.471716
        NA    6587 0.035002  296076.59     44.948625 


* group 18 of 35: C:/Models/OptimalPV_RH_data/temp_cache\pv_to_bldng_3.4000000000000004.shp	runtime: 0 min 0 sec;   (stamp: 2023-11-23 08:12:01.393924)
 
over buffered by 0.9961647922639892 % 
buildingCl  counts    share   capacity  capacity_avg
       0.0    4131 0.021937  335882.01     81.307676
    1110.0  118742 0.630557 1370905.93     11.545249
    1121.0   21969 0.116662  404828.48     18.427260
    1122.0   21764 0.115574  514775.98     23.652636
    1130.0     361 0.001917   22014.78     60.982770
    1211.0     265 0.001407    9426.53     35.571811
    1212.0     114 0.000605    4772.81     41.866754
    1220.0    1530 0.008125  137818.14     90.077216
    1230.0    1242 0.006595  178556.93    143.765644
    1231.0       7 0.000037     508.05     72.578571
    1241.0      93 0.000494   12414.24    133.486452
    1242.0     917 0.004870   35288.11     38.482126
    1251.0    3885 0.020631  568296.43    146.279647
    1252.0     756 0.004015   99679.61    131.851336
    1261.0     388 0.002060   28627.87     73.783170
    1262.0      26 0.000138    1962.74     75.490000
    1263.0    1419 0.007535   95681.46     67.428795
    1264.0     234 0.001243   16763.58     71.639231
    1265.0     318 0.001689   35913.46    112.935409
    1271.0    1237 0.006569   82376.66     66.593905
    1272.0     114 0.000605    4144.93     36.359035
    1273.0       2 0.000011      55.68     27.840000
    1274.0    1485 0.007886   91098.21     61.345596
    1275.0      10 0.000053     905.64     90.564000
    1276.0     212 0.001126   16807.23     79.279387
    1277.0       5 0.000027    1807.76    361.552000
    1278.0     542 0.002878   25187.67     46.471716
        NA    6545 0.034756  294954.16     45.065571 


* group 19 of 35: C:/Models/OptimalPV_RH_data/temp_cache\pv_to_bldng_3.6.shp	runtime: 0 min 0 sec;   (stamp: 2023-11-23 08:12:01.395944)
 
over buffered by 0.9968313249187994 % 
buildingCl  counts    share   capacity  capacity_avg
       0.0    4140 0.021970  335969.24     81.151990
    1110.0  118834 0.630623 1371892.01     11.544609
    1121.0   21990 0.116696  405151.43     18.424349
    1122.0   21777 0.115565  515160.31     23.656165
    1130.0     361 0.001916   22014.78     60.982770
    1211.0     265 0.001406    9426.53     35.571811
    1212.0     114 0.000605    4772.81     41.866754
    1220.0    1530 0.008119  137818.14     90.077216
    1230.0    1244 0.006602  178681.52    143.634662
    1231.0       7 0.000037     508.05     72.578571
    1241.0      93 0.000494   12414.24    133.486452
    1242.0     930 0.004935   35476.18     38.146430
    1251.0    3890 0.020643  568567.63    146.161344
    1252.0     759 0.004028   99766.94    131.445244
    1261.0     388 0.002059   28627.87     73.783170
    1262.0      26 0.000138    1962.74     75.490000
    1263.0    1423 0.007552   95878.34     67.377611
    1264.0     234 0.001242   16763.58     71.639231
    1265.0     319 0.001693   36068.45    113.067241
    1271.0    1241 0.006586   82528.64     66.501724
    1272.0     114 0.000605    4144.93     36.359035
    1273.0       2 0.000011      55.68     27.840000
    1274.0    1489 0.007902   91283.16     61.305010
    1275.0      10 0.000053     905.64     90.564000
    1276.0     212 0.001125   16807.23     79.279387
    1277.0       5 0.000027    1807.76    361.552000
    1278.0     544 0.002887   25232.56     46.383382
        NA    6498 0.034483  293814.08     45.216079 


* group 20 of 35: C:/Models/OptimalPV_RH_data/temp_cache\pv_to_bldng_3.8000000000000003.shp	runtime: 0 min 0 sec;   (stamp: 2023-11-23 08:12:01.406243)
 
over buffered by 0.9983601180714988 % 
buildingCl  counts    share   capacity  capacity_avg
       0.0    4159 0.022037  336696.36     80.956086
    1110.0  119024 0.630664 1374666.04     11.549486
    1121.0   22034 0.116750  405754.97     18.414948
    1122.0   21811 0.115568  516106.74     23.662681
    1130.0     362 0.001918   22033.14     60.865028
    1211.0     265 0.001404    9426.53     35.571811
    1212.0     114 0.000604    4772.81     41.866754
    1220.0    1533 0.008123  137958.09     89.992231
    1230.0    1244 0.006591  178681.52    143.634662
    1231.0       7 0.000037     508.05     72.578571
    1241.0      93 0.000493   12414.24    133.486452
    1242.0     955 0.005060   35859.64     37.549361
    1251.0    3898 0.020654  569146.12    146.009779
    1252.0     762 0.004038   99961.52    131.183097
    1261.0     390 0.002066   28773.55     73.778333
    1262.0      26 0.000138    1962.74     75.490000
    1263.0    1426 0.007556   96007.48     67.326424
    1264.0     235 0.001245   16837.28     71.648000
    1265.0     319 0.001690   36068.45    113.067241
    1271.0    1247 0.006607   82619.38     66.254515
    1272.0     114 0.000604    4144.93     36.359035
    1273.0       2 0.000011      55.68     27.840000
    1274.0    1502 0.007959   91572.43     60.966997
    1275.0      10 0.000053     905.64     90.564000
    1276.0     212 0.001123   16807.23     79.279387
    1277.0       5 0.000026    1807.76    361.552000
    1278.0     546 0.002893   25243.36     46.233260
        NA    6433 0.034086  292564.19     45.478655 


* group 21 of 35: C:/Models/OptimalPV_RH_data/temp_cache\pv_to_bldng_4.0.shp	runtime: 0 min 0 sec;   (stamp: 2023-11-23 08:12:01.416067)
 
over buffered by 0.9996032543721368 % 
buildingCl  counts    share   capacity  capacity_avg
       0.0    4177 0.022105  337421.10     80.780728
    1110.0  119182 0.630716 1376456.50     11.549198
    1121.0   22055 0.116716  406062.83     18.411373
    1122.0   21841 0.115583  516741.42     23.659238
    1130.0     363 0.001921   22062.47     60.778154
    1211.0     265 0.001402    9426.53     35.571811
    1212.0     114 0.000603    4772.81     41.866754
    1220.0    1537 0.008134  138113.33     89.859031
    1230.0    1247 0.006599  178845.82    143.420866
    1231.0       7 0.000037     508.05     72.578571
    1241.0      93 0.000492   12414.24    133.486452
    1242.0     978 0.005176   36293.75     37.110174
    1251.0    3901 0.020644  569288.66    145.934032
    1252.0     770 0.004075  100150.45    130.065519
    1261.0     390 0.002064   28773.55     73.778333
    1262.0      26 0.000138    1962.74     75.490000
    1263.0    1428 0.007557   96072.86     67.277913
    1264.0     235 0.001244   16837.28     71.648000
    1265.0     320 0.001693   36251.32    113.285375
    1271.0    1254 0.006636   82782.49     66.014745
    1272.0     115 0.000609    4165.59     36.222522
    1273.0       2 0.000011      55.68     27.840000
    1274.0    1512 0.008002   91868.81     60.759795
    1275.0      10 0.000053     905.64     90.564000
    1276.0     213 0.001127   16822.59     78.979296
    1277.0       5 0.000026    1807.76    361.552000
    1278.0     547 0.002895   25266.46     46.190969
        NA    6376 0.033742  291311.40     45.688739 


* group 22 of 35: C:/Models/OptimalPV_RH_data/temp_cache\pv_to_bldng_4.2.shp	runtime: 0 min 0 sec;   (stamp: 2023-11-23 08:12:01.416067)
 
over buffered by 1.0012008167669992 % 
buildingCl  counts    share   capacity  capacity_avg
       0.0    4197 0.022175  338085.27     80.554031
    1110.0  119381 0.630761 1379047.66     11.551651
    1121.0   22083 0.116678  406665.19     18.415305
    1122.0   21869 0.115547  517356.29     23.657062
    1130.0     364 0.001923   22074.79     60.645027
    1211.0     266 0.001405    9433.82     35.465489
    1212.0     114 0.000602    4772.81     41.866754
    1220.0    1538 0.008126  138276.52     89.906710
    1230.0    1250 0.006604  178985.82    143.188656
    1231.0       7 0.000037     508.05     72.578571
    1241.0      93 0.000491   12414.24    133.486452
    1242.0    1006 0.005315   36545.98     36.328012
    1251.0    3905 0.020632  569664.38    145.880763
    1252.0     772 0.004079  100193.22    129.783964
    1261.0     390 0.002061   28773.55     73.778333
    1262.0      26 0.000137    1962.74     75.490000
    1263.0    1429 0.007550   96131.00     67.271519
    1264.0     235 0.001242   16837.28     71.648000
    1265.0     320 0.001691   36251.32    113.285375
    1271.0    1259 0.006652   82814.52     65.778014
    1272.0     116 0.000613    4169.65     35.945259
    1273.0       2 0.000011      55.68     27.840000
    1274.0    1536 0.008116   92142.05     59.988314
    1275.0      10 0.000053     905.64     90.564000
    1276.0     213 0.001125   16822.59     78.979296
    1277.0       5 0.000026    1807.76    361.552000
    1278.0     549 0.002901   25286.68     46.059526
        NA    6330 0.033445  290134.98     45.834910 


* group 23 of 35: C:/Models/OptimalPV_RH_data/temp_cache\pv_to_bldng_4.4.shp	runtime: 0 min 0 sec;   (stamp: 2023-11-23 08:12:01.430491)
 
over buffered by 1.002581491551963 % 
buildingCl  counts    share   capacity  capacity_avg
       0.0    4221 0.022271  338593.71     80.216468
    1110.0  119548 0.630774 1380878.62     11.550830
    1121.0   22107 0.116644  406924.39     18.407038
    1122.0   21897 0.115536  518029.30     23.657547
    1130.0     364 0.001921   22074.79     60.645027
    1211.0     266 0.001404    9433.82     35.465489
    1212.0     114 0.000602    4772.81     41.866754
    1220.0    1541 0.008131  138451.85     89.845457
    1230.0    1255 0.006622  179188.22    142.779458
    1231.0       7 0.000037     508.05     72.578571
    1241.0      93 0.000491   12414.24    133.486452
    1242.0    1031 0.005440   36900.32     35.790805
    1251.0    3911 0.020636  570197.77    145.793344
    1252.0     779 0.004110  100267.91    128.713620
    1261.0     391 0.002063   28777.15     73.598849
    1262.0      26 0.000137    1962.74     75.490000
    1263.0    1431 0.007550   96164.16     67.200671
    1264.0     237 0.001250   17037.28     71.887257
    1265.0     322 0.001699   36298.74    112.729006
    1271.0    1260 0.006648   82816.69     65.727532
    1272.0     116 0.000612    4169.65     35.945259
    1273.0       2 0.000011      55.68     27.840000
    1274.0    1550 0.008178   92299.87     59.548303
    1275.0      10 0.000053     905.64     90.564000
    1276.0     213 0.001124   16822.59     78.979296
    1277.0       5 0.000026    1807.76    361.552000
    1278.0     550 0.002902   25296.28     45.993236
        NA    6279 0.033130  289378.62     46.086737 


* group 24 of 35: C:/Models/OptimalPV_RH_data/temp_cache\pv_to_bldng_4.6000000000000005.shp	runtime: 0 min 0 sec;   (stamp: 2023-11-23 08:12:01.436535)
 
over buffered by 1.00453348004105 % 
buildingCl  counts    share   capacity  capacity_avg
       0.0    4237 0.022312  339225.75     80.062721
    1110.0  119769 0.630712 1383641.73     11.552586
    1121.0   22144 0.116612  407414.84     18.398430
    1122.0   21934 0.115506  519080.31     23.665556
    1130.0     366 0.001927   22130.29     60.465273
    1211.0     266 0.001401    9433.82     35.465489
    1212.0     114 0.000600    4772.81     41.866754
    1220.0    1546 0.008141  138563.98     89.627413
    1230.0    1257 0.006619  179217.87    142.575871
    1231.0       7 0.000037     508.05     72.578571
    1241.0      93 0.000490   12414.24    133.486452
    1242.0    1086 0.005719   37755.66     34.765801
    1251.0    3916 0.020622  570462.14    145.674704
    1252.0     785 0.004134  100478.47    127.998051
    1261.0     391 0.002059   28777.15     73.598849
    1262.0      26 0.000137    1962.74     75.490000
    1263.0    1433 0.007546   96266.71     67.178444
    1264.0     237 0.001248   17037.28     71.887257
    1265.0     322 0.001696   36298.74    112.729006
    1271.0    1265 0.006662   82867.05     65.507549
    1272.0     116 0.000611    4169.65     35.945259
    1273.0       2 0.000011      55.68     27.840000
    1274.0    1570 0.008268   92694.68     59.041197
    1275.0      10 0.000053     905.64     90.564000
    1276.0     213 0.001122   16822.59     78.979296
    1277.0       5 0.000026    1807.76    361.552000
    1278.0     551 0.002902   25324.08     45.960218
        NA    6234 0.032829  288354.89     46.255196 


* group 25 of 35: C:/Models/OptimalPV_RH_data/temp_cache\pv_to_bldng_4.800000000000001.shp	runtime: 0 min 0 sec;   (stamp: 2023-11-23 08:12:01.444427)
 
over buffered by 1.0059247347094236 % 
buildingCl  counts    share   capacity  capacity_avg
       0.0    4259 0.022397  339631.82     79.744499
    1110.0  119957 0.630828 1385530.53     11.550227
    1121.0   22158 0.116524  407684.49     18.398975
    1122.0   21947 0.115415  519477.99     23.669658
    1130.0     366 0.001925   22130.29     60.465273
    1211.0     267 0.001404    9448.82     35.388839
    1212.0     115 0.000605    4830.78     42.006783
    1220.0    1548 0.008141  138598.14     89.533682
    1230.0    1258 0.006616  179463.39    142.657703
    1231.0       7 0.000037     508.05     72.578571
    1241.0      93 0.000489   12414.24    133.486452
    1242.0    1121 0.005895   38194.04     34.071401
    1251.0    3916 0.020593  570462.14    145.674704
    1252.0     789 0.004149  100517.02    127.397997
    1261.0     391 0.002056   28777.15     73.598849
    1262.0      26 0.000137    1962.74     75.490000
    1263.0    1434 0.007541   96423.23     67.240746
    1264.0     238 0.001252   17108.97     71.886429
    1265.0     322 0.001693   36298.74    112.729006
    1271.0    1267 0.006663   83133.73     65.614625
    1272.0     117 0.000615    4227.07     36.128803
    1273.0       2 0.000011      55.68     27.840000
    1274.0    1584 0.008330   92893.03     58.644590
    1275.0      10 0.000053     905.64     90.564000
    1276.0     213 0.001120   16822.59     78.979296
    1277.0       5 0.000026    1807.76    361.552000
    1278.0     552 0.002903   25332.00     45.891304
        NA    6196 0.032583  287384.99     46.382342 


* group 26 of 35: C:/Models/OptimalPV_RH_data/temp_cache\pv_to_bldng_5.0.shp	runtime: 0 min 0 sec;   (stamp: 2023-11-23 08:12:01.446445)
 
over buffered by 1.0082417291761445 % 
buildingCl  counts    share   capacity  capacity_avg
       0.0    4278 0.022445  340347.52     79.557625
    1110.0  120292 0.631136 1388569.66     11.543325
    1121.0   22172 0.116330  407847.37     18.394704
    1122.0   21963 0.115233  519731.22     23.663945
    1130.0     367 0.001926   22174.93     60.422153
    1211.0     267 0.001401    9448.82     35.388839
    1212.0     115 0.000603    4830.78     42.006783
    1220.0    1550 0.008132  138712.89     89.492187
    1230.0    1259 0.006606  180030.39    142.994750
    1231.0       7 0.000037     508.05     72.578571
    1241.0      93 0.000488   12414.24    133.486452
    1242.0    1169 0.006133   38664.85     33.075150
    1251.0    3919 0.020562  570490.42    145.570406
    1252.0     790 0.004145  100524.22    127.245848
    1261.0     391 0.002051   28777.15     73.598849
    1262.0      26 0.000136    1962.74     75.490000
    1263.0    1437 0.007540   96618.18     67.236033
    1264.0     238 0.001249   17108.97     71.886429
    1265.0     322 0.001689   36298.74    112.729006
    1271.0    1272 0.006674   83233.30     65.434984
    1272.0     118 0.000619    4233.70     35.878814
    1273.0       2 0.000010      55.68     27.840000
    1274.0    1604 0.008416   93130.28     58.061272
    1275.0      10 0.000052     905.64     90.564000
    1276.0     213 0.001118   16822.59     78.979296
    1277.0       5 0.000026    1807.76    361.552000
    1278.0     556 0.002917   25399.46     45.682482
        NA    6161 0.032325  286374.21     46.481774 


* group 27 of 35: C:/Models/OptimalPV_RH_data/temp_cache\pv_to_bldng_5.2.shp	runtime: 0 min 0 sec;   (stamp: 2023-11-23 08:12:01.459553)
 
over buffered by 1.012590061257525 % 
buildingCl  counts    share   capacity  capacity_avg
       0.0    4314 0.022537  341343.71     79.124643
    1110.0  120885 0.631524 1393868.83     11.530536
    1121.0   22213 0.116044  408967.89     18.411196
    1122.0   22011 0.114989  520820.18     23.661814
    1130.0     368 0.001922   22188.71     60.295408
    1211.0     269 0.001405    9547.44     35.492342
    1212.0     117 0.000611    4913.34     41.994359
    1220.0    1551 0.008103  138742.31     89.453456
    1230.0    1260 0.006582  180037.11    142.886595
    1231.0       7 0.000037     508.05     72.578571
    1241.0      93 0.000486   12414.24    133.486452
    1242.0    1234 0.006447   40303.79     32.661094
    1251.0    3925 0.020505  570920.14    145.457361
    1252.0     798 0.004169  100973.98    126.533810
    1261.0     393 0.002053   28835.54     73.372875
    1262.0      26 0.000136    1962.74     75.490000
    1263.0    1438 0.007512   96696.58     67.243797
    1264.0     238 0.001243   17108.97     71.886429
    1265.0     322 0.001682   36298.74    112.729006
    1271.0    1290 0.006739   83532.19     64.753636
    1272.0     118 0.000616    4233.70     35.878814
    1273.0       2 0.000010      55.68     27.840000
    1274.0    1642 0.008578   93548.03     56.972004
    1275.0      10 0.000052     905.64     90.564000
    1276.0     213 0.001113   16822.59     78.979296
    1277.0       5 0.000026    1807.76    361.552000
    1278.0     557 0.002910   25405.40     45.611131
        NA    6119 0.031967  284814.48     46.545919 


* group 28 of 35: C:/Models/OptimalPV_RH_data/temp_cache\pv_to_bldng_5.4.shp	runtime: 0 min 0 sec;   (stamp: 2023-11-23 08:12:01.466589)
 
over buffered by 1.0172346300743766 % 
buildingCl  counts    share   capacity  capacity_avg
       0.0    4345 0.022595  341839.44     78.674209
    1110.0  121572 0.632213 1399959.80     11.515479
    1121.0   22251 0.115712  409766.02     18.415623
    1122.0   22058 0.114709  521577.99     23.645752
    1130.0     368 0.001914   22188.71     60.295408
    1211.0     269 0.001399    9547.44     35.492342
    1212.0     117 0.000608    4913.34     41.994359
    1220.0    1552 0.008071  138766.95     89.411695
    1230.0    1262 0.006563  180066.59    142.683510
    1231.0       7 0.000036     508.05     72.578571
    1241.0      94 0.000489   12480.49    132.771170
    1242.0    1302 0.006771   41052.63     31.530438
    1251.0    3932 0.020448  571039.86    145.228856
    1252.0     809 0.004207  101181.73    125.070124
    1261.0     393 0.002044   28835.54     73.372875
    1262.0      26 0.000135    1962.74     75.490000
    1263.0    1439 0.007483   96718.24     67.212120
    1264.0     238 0.001238   17108.97     71.886429
    1265.0     322 0.001675   36298.74    112.729006
    1271.0    1297 0.006745   83621.59     64.473084
    1272.0     119 0.000619    4247.74     35.695294
    1273.0       2 0.000010      55.68     27.840000
    1274.0    1666 0.008664   93808.80     56.307803
    1275.0      10 0.000052     905.64     90.564000
    1276.0     217 0.001128   16949.25     78.107143
    1277.0       5 0.000026    1807.76    361.552000
    1278.0     560 0.002912   25462.67     45.469054
        NA    6064 0.031535  283668.83     46.779161 


* group 29 of 35: C:/Models/OptimalPV_RH_data/temp_cache\pv_to_bldng_5.6000000000000005.shp	runtime: 0 min 0 sec;   (stamp: 2023-11-23 08:12:01.474760)
 
over buffered by 1.0215089029718893 % 
buildingCl  counts    share   capacity  capacity_avg
       0.0    4361 0.022584  342094.68     78.444091
    1110.0  122241 0.633032 1405334.18     11.496422
    1121.0   22268 0.115316  410203.30     18.421201
    1122.0   22080 0.114343  522066.41     23.644312
    1130.0     369 0.001911   22227.11     60.236070
    1211.0     269 0.001393    9547.44     35.492342
    1212.0     117 0.000606    4913.34     41.994359
    1220.0    1553 0.008042  138797.35     89.373696
    1230.0    1263 0.006541  180079.54    142.580792
    1231.0       7 0.000036     508.05     72.578571
    1241.0      94 0.000487   12480.49    132.771170
    1242.0    1358 0.007032   41530.20     30.581885
    1251.0    3937 0.020388  571241.35    145.095593
    1252.0     818 0.004236  101312.75    123.854218
    1261.0     393 0.002035   28835.54     73.372875
    1262.0      27 0.000140    1967.94     72.886667
    1263.0    1439 0.007452   96718.24     67.212120
    1264.0     238 0.001232   17108.97     71.886429
    1265.0     322 0.001667   36298.74    112.729006
    1271.0    1301 0.006737   83720.10     64.350576
    1272.0     119 0.000616    4247.74     35.695294
    1273.0       2 0.000010      55.68     27.840000
    1274.0    1696 0.008783   94356.38     55.634658
    1275.0      10 0.000052     905.64     90.564000
    1276.0     217 0.001124   16949.25     78.107143
    1277.0       5 0.000026    1807.76    361.552000
    1278.0     563 0.002916   25499.57     45.292309
        NA    6037 0.031263  283081.29     46.891054 


* group 30 of 35: C:/Models/OptimalPV_RH_data/temp_cache\pv_to_bldng_5.800000000000001.shp	runtime: 0 min 0 sec;   (stamp: 2023-11-23 08:12:01.476818)
 
over buffered by 1.0274759572149514 % 
buildingCl  counts    share   capacity  capacity_avg
       0.0    4387 0.022586  346087.44     78.889318
    1110.0  123151 0.634041 1412629.88     11.470714
    1121.0   22289 0.114755  410528.63     18.418441
    1122.0   22115 0.113859  522990.96     23.648698
    1130.0     369 0.001900   22227.11     60.236070
    1211.0     269 0.001385    9547.44     35.492342
    1212.0     117 0.000602    4913.34     41.994359
    1220.0    1553 0.007996  138797.35     89.373696
    1230.0    1265 0.006513  180129.32    142.394719
    1231.0       7 0.000036     508.05     72.578571
    1241.0      94 0.000484   12480.49    132.771170
    1242.0    1457 0.007501   42862.74     29.418490
    1251.0    3943 0.020300  572338.80    145.153132
    1252.0     821 0.004227  101346.46    123.442704
    1261.0     393 0.002023   28835.54     73.372875
    1262.0      27 0.000139    1967.94     72.886667
    1263.0    1442 0.007424   96856.50     67.168169
    1264.0     238 0.001225   17108.97     71.886429
    1265.0     322 0.001658   36298.74    112.729006
    1271.0    1308 0.006734   83847.30     64.103440
    1272.0     119 0.000613    4247.74     35.695294
    1273.0       2 0.000010      55.68     27.840000
    1274.0    1743 0.008974   95117.62     54.571211
    1275.0      10 0.000051     905.64     90.564000
    1276.0     217 0.001117   16949.25     78.107143
    1277.0       5 0.000026    1807.76    361.552000
    1278.0     565 0.002909   25527.59     45.181575
        NA    6004 0.030911  282115.31     46.987893 


* group 31 of 35: C:/Models/OptimalPV_RH_data/temp_cache\pv_to_bldng_6.0.shp	runtime: 0 min 0 sec;   (stamp: 2023-11-23 08:12:01.486956)
 
over buffered by 1.035781165691554 % 
buildingCl  counts    share   capacity  capacity_avg
       0.0    4430 0.022625  346942.93     78.316688
    1110.0  124424 0.635458 1422654.01     11.433920
    1121.0   22336 0.114074  411029.66     18.402116
    1122.0   22148 0.113114  524112.51     23.664101
    1130.0     370 0.001890   22342.13     60.384135
    1211.0     270 0.001379    9555.29     35.389963
    1212.0     117 0.000598    4913.34     41.994359
    1220.0    1554 0.007937  138826.77     89.335116
    1230.0    1269 0.006481  180234.21    142.028534
    1231.0       7 0.000036     508.05     72.578571
    1241.0      94 0.000480   12480.49    132.771170
    1242.0    1554 0.007937   43674.16     28.104350
    1251.0    3952 0.020184  573598.41    145.141298
    1252.0     834 0.004259  101658.27    121.892410
    1261.0     393 0.002007   28835.54     73.372875
    1262.0      27 0.000138    1967.94     72.886667
    1263.0    1442 0.007365   96856.50     67.168169
    1264.0     240 0.001226   17322.57     72.177375
    1265.0     322 0.001645   36298.74    112.729006
    1271.0    1318 0.006731   84040.74     63.763839
    1272.0     119 0.000608    4247.74     35.695294
    1273.0       2 0.000010      55.68     27.840000
    1274.0    1803 0.009208   96001.48     53.245413
    1275.0      10 0.000051     905.64     90.564000
    1276.0     217 0.001108   16949.25     78.107143
    1277.0       5 0.000026    1807.76    361.552000
    1278.0     569 0.002906   25613.72     45.015325
        NA    5976 0.030521  280871.12     46.999853 


* group 32 of 35: C:/Models/OptimalPV_RH_data/temp_cache\pv_to_bldng_6.2.shp	runtime: 0 min 0 sec;   (stamp: 2023-11-23 08:12:01.497679)
 
over buffered by 1.0447740665897862 % 
buildingCl  counts    share   capacity  capacity_avg
       0.0    4465 0.022607  347564.79     77.842058
    1110.0  125842 0.637168 1434869.93     11.402155
    1121.0   22380 0.113315  411521.43     18.387910
    1122.0   22185 0.112328  525031.82     23.666073
    1130.0     372 0.001884   22360.30     60.108333
    1211.0     271 0.001372    9593.64     35.400886
    1212.0     118 0.000597    4928.34     41.765593
    1220.0    1556 0.007878  138853.28     89.237326
    1230.0    1270 0.006430  180257.90    141.935354
    1231.0       7 0.000035     508.05     72.578571
    1241.0      94 0.000476   12480.49    132.771170
    1242.0    1661 0.008410   44963.27     27.070000
    1251.0    3959 0.020045  573815.37    144.939472
    1252.0     848 0.004294  101903.73    120.169493
    1261.0     393 0.001990   28835.54     73.372875
    1262.0      27 0.000137    1967.94     72.886667
    1263.0    1443 0.007306   96869.10     67.130353
    1264.0     240 0.001215   17322.57     72.177375
    1265.0     322 0.001630   36298.74    112.729006
    1271.0    1325 0.006709   84302.51     63.624536
    1272.0     119 0.000603    4247.74     35.695294
    1273.0       2 0.000010      55.68     27.840000
    1274.0    1856 0.009397   96567.85     52.030092
    1275.0      10 0.000051     905.64     90.564000
    1276.0     217 0.001099   16949.25     78.107143
    1277.0       6 0.000030    1810.40    301.733333
    1278.0     569 0.002881   25613.72     45.015325
        NA    5945 0.030101  280008.74     47.099872 


* group 33 of 35: C:/Models/OptimalPV_RH_data/temp_cache\pv_to_bldng_6.4.shp	runtime: 0 min 0 sec;   (stamp: 2023-11-23 08:12:01.497679)
 
over buffered by 1.0540367545149651 % 
buildingCl  counts    share   capacity  capacity_avg
       0.0    4512 0.022645  348473.39     77.232578
    1110.0  127266 0.638716 1446119.32     11.362967
    1121.0   22423 0.112535  412104.75     18.378663
    1122.0   22230 0.111567  525996.21     23.661548
    1130.0     372 0.001867   22360.30     60.108333
    1211.0     271 0.001360    9593.64     35.400886
    1212.0     118 0.000592    4928.34     41.765593
    1220.0    1558 0.007819  138873.03     89.135449
    1230.0    1270 0.006374  180257.90    141.935354
    1231.0       7 0.000035     508.05     72.578571
    1241.0      94 0.000472   12480.49    132.771170
    1242.0    1773 0.008898   45915.10     25.896842
    1251.0    3965 0.019899  574182.56    144.812752
    1252.0     858 0.004306  102517.28    119.484009
    1261.0     393 0.001972   28835.54     73.372875
    1262.0      27 0.000136    1967.94     72.886667
    1263.0    1444 0.007247   96895.37     67.102057
    1264.0     240 0.001204   17322.57     72.177375
    1265.0     322 0.001616   36298.74    112.729006
    1271.0    1332 0.006685   84365.55     63.337500
    1272.0     119 0.000597    4247.74     35.695294
    1273.0       2 0.000010      55.68     27.840000
    1274.0    1931 0.009691   97782.32     50.638177
    1275.0      10 0.000050     905.64     90.564000
    1276.0     217 0.001089   16949.25     78.107143
    1277.0       6 0.000030    1810.40    301.733333
    1278.0     572 0.002871   25667.84     44.873846
        NA    5921 0.029716  279005.06     47.121273 


* group 34 of 35: C:/Models/OptimalPV_RH_data/temp_cache\pv_to_bldng_6.6000000000000005.shp	runtime: 0 min 0 sec;   (stamp: 2023-11-23 08:12:01.509628)
 
over buffered by 1.0634581406912895 % 
buildingCl  counts    share   capacity  capacity_avg
       0.0    4550 0.022633  349537.89     76.821514
    1110.0  128705 0.640215 1457115.05     11.321355
    1121.0   22467 0.111757  412860.91     18.376326
    1122.0   22268 0.110767  526899.15     23.661719
    1130.0     372 0.001850   22360.30     60.108333
    1211.0     273 0.001358    9797.89     35.889707
    1212.0     118 0.000587    4928.34     41.765593
    1220.0    1559 0.007755  139042.53     89.186998
    1230.0    1271 0.006322  180271.34    141.834256
    1231.0       7 0.000035     508.05     72.578571
    1241.0      94 0.000468   12480.49    132.771170
    1242.0    1896 0.009431   47069.76     24.825823
    1251.0    3974 0.019768  574849.78    144.652687
    1252.0     872 0.004338  102683.57    117.756388
    1261.0     393 0.001955   28835.54     73.372875
    1262.0      27 0.000134    1967.94     72.886667
    1263.0    1446 0.007193   96900.09     67.012510
    1264.0     240 0.001194   17322.57     72.177375
    1265.0     322 0.001602   36298.74    112.729006
    1271.0    1346 0.006695   84582.74     62.840074
    1272.0     120 0.000597    4256.86     35.473833
    1273.0       2 0.000010      55.68     27.840000
    1274.0    2012 0.010008   99387.68     49.397455
    1275.0      10 0.000050     905.64     90.564000
    1276.0     217 0.001079   16949.25     78.107143
    1277.0       6 0.000030    1810.40    301.733333
    1278.0     572 0.002845   25667.84     44.873846
        NA    5895 0.029323  277318.73     47.043042 


* group 35 of 35: C:/Models/OptimalPV_RH_data/temp_cache\pv_to_bldng_6.800000000000001.shp	runtime: 0 min 0 sec;   (stamp: 2023-11-23 08:12:01.517496)
 
over buffered by 1.072207704271099 % 
buildingCl  counts    share   capacity  capacity_avg
       0.0    4598 0.022685  350911.37     76.318262
    1110.0  129998 0.641370 1467869.39     11.291477
    1121.0   22499 0.111003  413284.14     18.369000
    1122.0   22306 0.110051  527570.12     23.651489
    1130.0     372 0.001835   22360.30     60.108333
    1211.0     274 0.001352    9811.33     35.807774
    1212.0     118 0.000582    4928.34     41.765593
    1220.0    1561 0.007701  139111.13     89.116675
    1230.0    1272 0.006276  180401.75    141.825275
    1231.0       7 0.000035     508.05     72.578571
    1241.0      94 0.000464   12480.49    132.771170
    1242.0    2024 0.009986   48564.07     23.994106
    1251.0    3975 0.019611  574860.13    144.618901
    1252.0     891 0.004396  103425.15    116.077609
    1261.0     394 0.001944   28855.69     73.237792
    1262.0      27 0.000133    1967.94     72.886667
    1263.0    1449 0.007149   96973.81     66.924645
    1264.0     241 0.001189   17329.23     71.905519
    1265.0     323 0.001594   36359.54    112.568235
    1271.0    1355 0.006685   84702.34     62.510952
    1272.0     120 0.000592    4256.86     35.473833
    1273.0       2 0.000010      55.68     27.840000
    1274.0    2111 0.010415  100940.96     47.816656
    1275.0      10 0.000049     905.64     90.564000
    1276.0     218 0.001076   16970.17     77.844817
    1277.0       6 0.000030    1810.40    301.733333
    1278.0     574 0.002832   25682.30     44.742683
        NA    5869 0.028956  276458.06     47.104798 




****************************************
 finished matching PV to House types for buffers 0.025 to 10 
 start at:2023-11-23 08:12:01.527246 
****************************************


